7.002043865990806304e-02 -9.436602942508020009e-01
-2.821536095781170816e-01 -3.909764908693360574e-01
-4.455117099989245461e-02 -9.593417955737533198e-01
-7.905277008489927093e-01 4.334266532006260664e-01
-1.416308922689041017e-01 1.040517639357058766e+00
1.332728191206663734e-02 -1.055834755984601747e+00
-3.438768593593011791e-01 4.278571705717021390e-01
1.646000504049608959e-01 -9.480983609382022115e-01
-2.065478375330777328e-02 5.373447361361207708e-01
2.753148078390267872e-01 5.480676328168210265e-01
1.189365241150896063e-01 -9.558683956928321068e-01
-6.579874443819057339e-02 -4.911738728127833520e-01
-8.035871787301734903e-02 1.058780560740371524e+00
-2.275169271429470508e-01 -4.032814019305704378e-01
1.689648356025582887e-01 -1.049144421141939398e+00
4.845714529415148242e-01 -3.721495485568260264e-02
4.274926744845510829e-01 3.056466856845693192e-01
-1.776575149020030719e-01 1.003969453272268275e+00
8.112103023237298149e-01 -2.279884477526517017e-01
1.081468656829857267e+00 -3.568642913136071959e-02
-5.581872333015120979e-01 2.101511094128327151e-01
-1.469600071360584181e-01 4.887293461661243454e-01
7.233190231952436600e-01 -6.851409001441576274e-01
7.203332827684785222e-01 6.592506321688315074e-01
-1.043077150471415138e+00 2.393826191073532283e-02
2.588554237676682912e-01 -4.939906319165273674e-01
1.598583037516023153e-01 -4.109824148707520441e-01
9.907545664794967788e-01 4.119205196123358892e-01
-2.371563219305017900e-01 3.910109821288305088e-01
1.000097308192785972e+00 -4.184962057000874980e-01
8.387173976066172321e-01 -5.266439356167446073e-01
9.871143756915732315e-01 2.900477913235248451e-02
7.483900891546433343e-01 -7.162322117506721986e-01
4.076614915395362360e-01 3.398698988495102991e-01
-1.679585947076943919e-01 4.727061204206616796e-01
-2.066921389409169807e-01 4.625349335778349835e-01
-6.798178735469651013e-02 4.328282373599374733e-01
3.273976353061010536e-01 -4.278076163566601475e-01
5.071984694833210350e-01 9.161574346393254464e-02
-4.136477419980163495e-01 -2.686086072994890439e-01
3.323891511738830129e-01 3.330761380012789430e-01
-9.444985895767186168e-01 -3.666470504745979464e-01
-2.893403108320977690e-01 -3.850551920591802069e-01
4.780722197629688197e-01 9.882300358905372895e-02
-3.278881345877805442e-01 -5.305758339210078223e-01
1.533200624772662612e-01 4.278005805463233058e-01
-4.767246870797269831e-01 5.863906373300330904e-02
9.341142264230991588e-01 2.743650852715036059e-01
3.950441732274523332e-01 -3.784138401719023825e-01
5.673526263829525851e-01 -8.452797737786025278e-01
-4.010942889843210901e-01 -9.570048229108155668e-01
-3.399437111753104701e-01 3.523184245135331238e-01
4.681128101555177556e-01 -9.884543379012981912e-02
-3.993149066193881769e-01 -2.082568842557415700e-01
6.213577145511034461e-01 -7.784543191992613353e-01
3.704224211122251337e-02 -5.528398105719521949e-01
1.797238290349862933e-01 -4.173922168569972335e-01
-3.139928280702397045e-01 -9.122152698715082497e-01
5.872719014120405534e-01 1.158492833234341379e-01
-4.132425214214677234e-02 5.196159140985884273e-01
5.281093647563698257e-01 7.722720568398008800e-02
4.120271568783783200e-01 -9.063391890398344586e-01
2.813935594564742071e-01 -9.718816990759691077e-01
2.101558095740427567e-01 9.837357781196681694e-01
1.001064044061471314e+00 1.690244007426259798e-01
-8.715896746085239899e-01 3.058187703776076849e-01
-5.048760026003589196e-01 2.195823411069378894e-01
-2.106544473127909267e-01 -5.073699597113560111e-01
-5.358939427920056398e-01 8.179006817338393409e-01
5.123146372791040903e-01 -8.819090549566556136e-01
8.101173561434933668e-02 -5.820410576762236055e-01
-6.229412344448701511e-01 -7.867376243927742818e-01
2.825174753313645648e-01 -3.026384254896302695e-01
1.006026116718057306e+00 -5.320957652124298776e-02
3.288674563299414655e-01 2.750524505864506697e-01
6.161410428571625353e-01 7.166018499720432366e-01
3.668048511632175934e-01 -3.679454890894192642e-01
-3.142382127170709194e-01 -4.161025540688280677e-01
-9.295640884545693094e-02 -9.995038981123454125e-01
6.815478490511943654e-01 7.345412364868058042e-01
2.503739105441752377e-01 4.747083211259244817e-01
-7.051931645065881993e-01 7.357753191644046398e-01
-8.769475790819524219e-01 -5.117741215196230931e-01
-4.104175742924037751e-02 -5.721939285554473731e-01
-5.177191771098409445e-01 2.476836954415433945e-01
-1.007595275177186889e-01 -1.008876851899604965e+00
2.482860263544361679e-01 3.833280954698596865e-01
9.090041317459034431e-01 -2.460785133063136398e-01
-3.822454559146836184e-01 -2.781916826477231486e-01
-5.096949093042058010e-01 7.715707600035451863e-01
1.039096745724628623e-01 9.342081486445381611e-01
-1.959916324512911978e-01 -4.454541489352399353e-01
-1.871097094216716550e-01 9.583510955109838525e-01
3.046915163991933406e-01 -9.375667134550055293e-01
2.574371488811504349e-01 4.945423127353085202e-01
1.585416814200172886e-01 -4.819633506437842052e-01
6.606240606700366502e-01 8.007375964930665280e-01
4.399592623357892474e-01 -8.437559374141882784e-02
-4.600985835136164326e-01 -2.805455361333259595e-02
3.646289294194720587e-01 3.751260481666824353e-01
1.966024140353927196e-01 4.361976406178519894e-01
-4.626159586669402191e-01 2.618280266716698224e-01
4.299999657719191792e-01 3.136990279954378624e-01
2.726698382933366305e-01 -3.890026696293816810e-01
7.362179471864036540e-01 -6.693357451484874820e-01
-3.736634462589501493e-01 -9.193389965854957824e-01
-2.641909469074719130e-01 9.026059396929053680e-01
5.966321968706059797e-01 -8.076287623233416868e-01
-1.862421855556596895e-01 -9.667342702147248001e-01
-3.273385422801429745e-01 9.023821680139466617e-01
-3.954390738457450039e-01 8.807294723490064481e-01
-4.759447288262572129e-01 3.665784457574368105e-01
-2.102641504467367972e-01 -9.172512500153081616e-01
3.454201561721209623e-01 4.624490080479920495e-01
-1.563965569353737706e-01 -4.332528390596298573e-01
-1.260814743282852035e-01 4.198654052055795227e-01
-2.361920172910469962e-01 9.295319919328346447e-01
-2.139333702975362850e-01 -1.022273722991098532e+00
6.756877315256593075e-01 6.696253241832073044e-01
3.191855523838177944e-01 -5.161044577531793687e-01
-4.691602144823655562e-01 -2.687758673200834059e-01
4.429580148486236268e-01 1.834946407618079089e-01
1.904063351126834489e-02 -5.755311728123455595e-01
8.886514155656890512e-01 -6.127565411468954837e-01
-8.655302414237541209e-01 4.050179124536997244e-01
8.626139587761465222e-02 -4.605743509991022111e-01
-2.463714557338392286e-02 -4.442355272797811616e-01
8.712102996689256029e-01 5.678929525030973480e-01
5.169707448902824964e-01 -7.864856696236783851e-01
1.089693962183370557e+00 3.612930128849228817e-02
4.790380587074903329e-01 -2.571494018403390758e-01
-9.228842245845761405e-02 5.734732900435770553e-01
-3.714577029741523151e-01 8.932581719851759861e-01
4.990149048386385289e-01 -2.592311987076021396e-01
-5.038119559581895057e-01 3.128623472224044688e-01
-1.176848581485960832e-01 4.863025128973927358e-01
9.712002045554728458e-01 4.658776534644014367e-02
-1.361864055097479487e-01 1.016140938284723738e+00
-7.053037092063417779e-01 -6.769208084651581192e-01
-6.412816023955308919e-01 -8.237981500170817872e-01
4.742784921260901343e-01 -1.479807585571366602e-01
2.254141650334006153e-01 4.616628447362084997e-01
3.804791798464971647e-02 1.009992121513240360e+00
3.354024151343708571e-01 8.857562456294484354e-01
-3.091603080520971547e-02 -1.056352704354007743e+00
-9.722233878952065700e-01 -3.280968333365270051e-01
8.356942891036178711e-01 7.520150764096210638e-01
-8.610128421382788888e-01 6.187018642398990353e-01
9.663528273052660600e-01 2.766244315861086656e-01
-5.129831715774105794e-01 -1.844000414190292425e-01
-9.970306754192718168e-01 1.869841243379464779e-01
4.981100937820866492e-01 8.713781646903847600e-01
-4.664068885525420871e-01 2.267936773738361278e-01
-1.681041318011910202e-01 9.831588913329021295e-01
2.916012218326408667e-01 9.994091108080414010e-01
1.772792332994814202e-01 1.003495314099959623e+00
3.843304804636211713e-01 7.126540562640933107e-02
5.082574034120812545e-01 -7.996751511204827079e-01
-5.085592865815465879e-01 -4.853603322273566945e-02
-6.521198010584336457e-02 4.019597440175352032e-01
-3.346550483884594973e-01 -3.910832866963411814e-01
3.669089824197947491e-01 -2.659484800658281634e-01
-9.270932913042286838e-01 -2.120623667838172216e-02
9.764887492123389690e-01 2.813965212034780228e-01
-3.352844066460299866e-01 -9.150067098758878359e-01
-4.625504242924809439e-01 -7.858360350159118157e-01
-4.171054455185920218e-01 -4.008683612279469455e-01
6.154975852957854654e-01 -8.048949550723689672e-01
-3.412594389328251210e-01 -3.587645001887098117e-01
-3.123691602121554389e-01 3.546635630861251776e-01
-4.819804506022052903e-01 -9.300261407737757668e-01
-2.181885821791827440e-01 4.963172404232741308e-01
-9.020931574520256735e-01 6.026214363472118807e-01
2.068868894595120023e-01 9.025901881727382836e-01
1.356907724145144274e-02 4.751066346802623186e-01
9.735553684369738781e-01 7.626146818987257492e-02
-6.332301144411559557e-01 -7.604628058818111436e-01
1.847191218159262294e-02 -4.926542620064465194e-01
8.821301729765287369e-01 -6.917998450107407105e-02
-1.292692249400059085e-02 1.124216420782941039e+00
-3.688313722055089894e-01 -2.711562647976407670e-01
-2.667318178233828441e-01 -3.267741193578636016e-01
4.915470423207456419e-01 -1.849672090083915033e-01
-8.752515114146472430e-02 -5.065747187114507666e-01
-4.436431697926786488e-01 1.619892110668685603e-01
-3.032972216467363369e-01 3.199520894198021326e-01
3.687639872807588204e-01 -8.985284329998012298e-01
7.861336365560585016e-01 -6.366388465043649747e-01
7.010564936317587037e-01 -6.727892437221258959e-01
-2.619170824943271858e-02 -9.885971215958736513e-01
4.033726836061741761e-01 -3.390981015081971361e-01
-5.947706331560601023e-02 5.063398561644871787e-01
-3.928310897998578133e-01 9.390221818836658185e-01
4.948473571242868463e-01 8.769845348904008464e-01
3.998484951085649053e-01 -2.275409639674920437e-01
-8.570081673373167730e-01 5.104858511976153590e-01
6.863360301846539446e-01 -6.561718695743345986e-01
-4.886061232165493928e-01 -2.782510631040810978e-01
2.799461996443448064e-01 -4.339298719202320243e-01
-3.654476340435926507e-01 -3.792278804515167856e-01
-3.851923459556979568e-01 -1.187163525935739511e-01
9.143394859162043975e-01 4.763038957581027244e-01
1.076059482817749990e-01 5.190050081373878132e-01
3.611577674575217056e-01 2.633257637727407507e-01
1.876893141872373882e-01 -9.630501912749767079e-01
2.223538867901100335e-01 9.583489263487422471e-01
-6.496339842554432753e-01 7.575606839288192562e-01
-1.805837766378745324e-01 -5.141571945655991627e-01
-3.006982620568782183e-05 -4.441818266641755497e-01
-3.455383090728953444e-01 4.432164944560851860e-01
3.939292310726056345e-01 -9.680239763990790003e-01
3.932392767892375351e-01 9.595504306842156383e-01
-2.355388819105150300e-01 9.670302449394166944e-01
-9.585383142294016112e-01 -2.928474928989246440e-01
-5.452493313754194215e-01 8.798840609786480471e-02
-2.939084636334256539e-01 4.071142433590347331e-01
-8.269716904697892446e-01 -5.715215026396929243e-01
3.569366325422616559e-01 -9.229486675498793646e-01
1.065287901531170311e-01 4.835131002701328340e-01
3.350848788382348453e-01 -3.062237796462858874e-01
6.207619230650298636e-01 -7.357785802888379134e-01
1.305097171580962834e-01 -9.603531718311224541e-01
4.529531898467806794e-01 8.619408984866092638e-01
-3.535841415915174091e-01 4.032344348180159632e-01
-7.153556198280158762e-02 -4.803655749217488058e-01
5.273390045884245383e-03 -4.429814245303266840e-01
4.875874498530481382e-01 3.215938909463139650e-02
-2.141680605285085082e-01 4.991379768550192053e-01
3.209198182922356479e-01 -3.581740215205312938e-01
-4.536640834740007788e-01 2.541014348868773642e-01
4.790400220706265699e-01 -1.646223909615165126e-01
3.688160486047440401e-01 -9.535643491194673027e-01
-1.545689548303165739e-01 -9.890936660936930913e-01
-7.026926904994539036e-02 -4.625887094625278362e-01
4.794746919229450066e-01 2.576207359281051379e-01
-2.781142163089531105e-01 -9.805012736943942153e-01
5.798064786339827137e-01 7.995290288594111283e-01
-3.455051815734201393e-01 -4.346643099886339234e-01
-3.906336365236193209e-01 9.976206759652929135e-01
-1.229265619891282552e-01 -4.100950189863475925e-01
-3.061318181143088957e-01 5.205295127077660400e-01
5.265804093410502151e-01 8.737079945651877733e-01
-4.287339175341055297e-02 -9.345152716867581866e-01
4.852341335929161725e-01 2.584793362593875571e-02
-8.257837375636393196e-01 3.677755365091703310e-01
2.228211538080014931e-01 -8.656602791696136334e-01
-3.730955272153796964e-01 -8.749263363161631224e-01
-5.123037608846188196e-01 1.055566380432771366e-02
1.864135288868792872e-01 4.124089037181135620e-01
4.160462045904979589e-01 8.743591096857313838e-01
-7.200168404831372992e-01 7.352265304514195021e-01
8.764370681660094142e-01 4.352228047857203963e-01
-7.603230172738166814e-01 -5.249061547429021424e-01
5.076451361228602188e-01 -8.307079711821906409e-01
-9.882579084509826028e-01 -1.727655924960015965e-01
7.368249967032189929e-01 -5.293638236430715516e-01
-6.143060587672416473e-01 -7.449207463731741807e-01
3.542096795462933156e-02 5.197254326613195419e-01
8.729422387728215105e-01 -4.533528092783396524e-01
-4.452047158625576651e-01 -1.073082974368762821e-01
-3.679121210618767623e-01 9.346274811960750828e-01
2.645423002827262948e-02 -4.997840415905761557e-01
-4.684356804574305033e-01 -1.933554350204749750e-01
-4.725739172448376602e-01 -8.913317864177905392e-02
-4.555722808471826535e-01 1.930720703732966004e-01
-4.709422564718916959e-01 1.711937665546972021e-01
3.091050010537955139e-01 -3.193439860456029344e-01
8.152138760680806007e-01 5.787981027077900853e-01
-5.355352292272840264e-01 3.214543861264816671e-02
-4.284080584603061070e-01 1.592155460045399373e-01
5.037520350149089499e-01 2.182486231932230514e-02
7.338708005130746281e-01 -6.101786284877577238e-01
-3.325326577246075499e-01 -3.017530831753297282e-01
-4.411144565705152343e-01 7.673986278654157389e-02
-9.944372892845790846e-01 3.945588895066038937e-01
-1.136294906702066010e+00 -1.234808351910096635e-01
1.049714171881148683e+00 1.393479903016439370e-01
-4.660668739242753156e-01 8.454906375423874021e-01
7.652019223909958257e-01 7.601005640700914112e-01
4.575390971565992393e-01 -7.828477413587926481e-01
-4.194446147018288662e-01 3.938755929211671947e-01
-9.806477968571086778e-01 3.091489649832664388e-01
-1.852637065319560628e-01 -4.648971789491942452e-01
9.894438884936644918e-01 -1.135389535587110893e-01
1.571867141110419031e-01 -1.015115952819466871e+00
-1.439718705305207125e-01 -5.056214790305957330e-01
-2.353304059106572921e-01 -4.548701248210878512e-01
-4.059681578381680311e-01 1.782071784402682324e-01
-1.631878102332782673e-02 5.800414019732582638e-01
-3.689047894939395666e-01 -3.860471476531154855e-01
9.916175486795951732e-01 4.300698542478642583e-01
4.805191309117761156e-01 -1.224238685884506822e-01
-9.242959531650348781e-01 4.367311820003871303e-01
-4.637805646739459053e-01 2.323881595547447332e-01
-2.122719306407687967e-01 5.059430175979935385e-01
3.886737914503415325e-01 8.869899621582698623e-01
3.581068503346458431e-01 -3.947549451950390087e-01
-3.197163727009731757e-03 -5.498615922672160927e-01
9.497774592614743883e-01 -3.037705926100534026e-01
9.271935466705905071e-01 5.045258270756255436e-01
-8.608205813730632761e-01 6.467654742069063323e-01
4.533027966002246556e-01 3.640292788533421309e-01
8.577659025092311262e-01 1.888967121579990249e-01
-9.138832825244107561e-01 -3.585453187795088481e-01
4.059467451879967825e-01 -2.974975619816255246e-01
-2.852096942139439317e-01 -3.989407504854407538e-01
9.118842066018201242e-01 -3.863273824315363592e-01
5.798207507562269658e-01 -8.914336835212957055e-01
4.061619523915317442e-01 -9.441804144497469853e-01
-4.722073424192519964e-01 -1.445018231163057443e-02
-8.380896574119466313e-01 4.036528635400798981e-03
3.363224986430930485e-01 3.372854808896392775e-01
-3.598370457035021674e-01 -3.599993327953834310e-01
-7.892506722545082898e-01 -4.710876168382523987e-01
3.990258656937383797e-01 1.402782505347565101e-01
-4.037823135504548522e-01 2.189359586929272572e-01
-3.590791556101624593e-01 -8.094630286976551847e-01
4.906676706895458095e-01 1.239744365995140880e-02
5.617971007484213741e-01 8.401190196854224634e-01
-5.051731386773979926e-01 2.632743422210842565e-01
-9.066496999790623068e-01 -5.606139934766412036e-01
-4.957987534212150993e-01 -1.891132525798189246e-01
-2.347213200184427584e-01 -4.686003047380374320e-01
7.177917718572959238e-01 5.673010922561059211e-01
-3.806925108172924399e-01 3.702241458337962032e-01
3.663802765163053365e-01 3.536766159239190244e-01
5.496664851221586545e-01 -1.115389071599172943e-01
-4.433910399488947829e-01 -9.546580674354370188e-01
6.528329353874680330e-02 -1.070837915857292932e+00
-3.766861468800672963e-01 -2.033321755138075559e-01
4.761999943995846030e-01 -1.647843896276925402e-01
3.792653213313360583e-01 2.248563382875768402e-01
7.302490686673324127e-02 -6.118438062678670519e-01
1.371260211741440541e-02 4.155805803159410838e-01
-4.546676203768146851e-01 1.945256144916960861e-01
-3.499564874007510262e-01 3.138683048678158061e-01
-1.677856273361443273e-01 -5.253251902053881484e-01
-4.465569540177213304e-01 -8.924535386194378805e-01
-1.220578692343777527e-01 9.915432539776058984e-01
-5.575227911897235877e-01 8.618229931765205576e-01
3.927132079177566015e-01 -3.128676243991614370e-01
9.114762522913917309e-01 -7.381863334771010532e-02
7.974175806254916177e-01 -6.005306672100156895e-01
-4.604754968241612234e-01 -1.976481023346876240e-02
-6.792170675011430792e-01 6.377605120765081903e-01
-3.850592538248151508e-01 -2.003240637307111549e-01
1.993619775337791833e-01 4.465819151965828571e-01
2.366433795671996909e-01 -4.692707240536041491e-01
9.436866851056477934e-01 2.486258566178895235e-01
1.635866178675447757e-01 3.910577545454205772e-01
4.006811434547155604e-01 2.226472134742530640e-01
4.669134782019598306e-01 3.239143062023999708e-01
-7.545812100267237366e-01 -5.247578758204022309e-01
-5.644258063066159847e-02 9.371255756645866519e-01
-3.437360180255089603e-01 3.417553133408879895e-01
2.572173539499099104e-01 9.108380753743456903e-01
-1.771550835720530626e-01 -4.455924302375557922e-01
-4.268651465694370817e-01 1.378873537575349972e-01
7.137809812193257608e-02 9.059821638169880398e-01
-6.980860261518045951e-01 -8.215754406953079680e-01
3.812683768827974662e-01 8.500803570168738998e-01
-3.274757297921055410e-01 -2.706102351053098487e-01
4.687171274778066388e-01 -2.433548445484071121e-01
1.031856758660895990e+00 -2.244382994029344158e-01
1.055661218787719235e+00 -2.853353671896550203e-01
2.809118450410030277e-01 1.017291998488561999e+00
3.030389012711368069e-02 5.298998592926373874e-01
-6.764370354916835471e-01 -8.695342316547062245e-01
9.954447500170836571e-01 2.291671613230947258e-01
4.426232726866348166e-01 3.260422087207792696e-01
2.773966724294836816e-01 4.232322330036072389e-01
4.253157894701191655e-01 -1.764701896759565680e-01
8.882608106457619279e-02 -5.637838762142438620e-01
-7.898511372925373086e-01 -4.204385963951078331e-01
-3.590223036289605374e-01 -2.830908496976410893e-01
-9.120387332937571756e-01 3.979250936972353880e-01
-2.986715238530779359e-01 3.882866924358147620e-01
-4.950922586453113672e-01 8.980155005527787893e-01
4.829950944495940979e-01 1.605300610393513572e-01
7.566265826931858340e-01 -6.414129231109827467e-01
-9.830424561481547752e-01 1.330880998792224601e-01
4.567159165916668817e-01 -9.291608389328099848e-01
4.272564561965581653e-01 2.146095724450660103e-01
1.625947845253197244e-01 4.641063168362799529e-01
-7.514225152181127632e-01 6.865884447103560717e-01
-6.261294609615720708e-01 7.968198013471611274e-01
-5.075948514854500271e-01 2.018654580251053599e-01
-4.332989679733151855e-01 -2.121127841586324669e-01
-4.819556824438477327e-01 9.523732755150373652e-01
9.829262061714882925e-01 3.978473331767005683e-01
1.099333318086348210e-01 5.674211210449136011e-01
-3.099977819481851138e-01 8.972603574954987060e-01
-2.055124636619366230e-01 9.501352564586216243e-01
2.694661159388552218e-01 4.335753344590301817e-01
4.803613962386273917e-01 1.847488113935862042e-02
-2.542893254998003227e-01 4.470884453821345472e-01
-2.038374673244269797e-01 4.891557368831763730e-01
-5.055774891929369907e-01 -2.850312225488052520e-03
-6.513147348426929772e-01 7.965780494491209174e-01
3.066182877821339026e-01 3.219117144177415235e-01
-3.705327742569987093e-01 3.959853176425358612e-01
-8.259630157843873832e-02 4.807475066386385221e-01
1.963191666104993627e-02 1.090727150543105539e+00
1.735989811170987329e-01 -5.307368582416491787e-01
2.833292349207798821e-01 2.838990483460721026e-01
-9.167807992772931958e-02 -9.991543117488526082e-01
9.333698836289471279e-01 3.968404738107146335e-01
-2.771016604035994590e-01 3.327802884331226840e-01
8.212028309468064058e-02 -4.282884818665447235e-01
1.256230169405527231e-01 4.339153720696945493e-01
-2.689877230536633079e-01 -8.549425797277960815e-01
4.795982479649992802e-01 -9.315877679050973970e-02
3.851545038877270816e-03 -5.728594181020985054e-01
-2.106007637579499769e-01 6.050014308115799766e-01
5.236220721937255851e-01 1.263009760909397095e-01
9.014403919974249835e-01 5.343005780847456254e-01
-2.489354590118840194e-01 -4.150438339729907167e-01
-5.014661799448423274e-01 8.611321981716705265e-01
-1.987304196819815461e-01 1.028772420117222586e+00
4.807607701764560204e-01 -4.921077616662744569e-02
-3.966800840223619340e-01 9.811690242323869438e-01
8.552571836480291623e-01 -1.538273913354185340e-01
1.686788726673884020e-01 3.493990408140985604e-01
1.645343640739760083e-01 -9.350107016142219507e-01
3.619377127115200876e-01 -3.296578730895804443e-01
-1.491493021543989494e-01 4.323862631784422539e-01
-6.050938653259302358e-01 -7.605336488807766804e-01
9.297911407160472375e-02 -9.444436528497631711e-01
-2.785324225573516943e-03 -9.687367070345673792e-01
-2.280879218577219480e-01 -4.411608726153953275e-01
3.295703742707262185e-01 -4.601956956791924958e-01
-4.881602110723677335e-01 2.163291101408230110e-01
2.468844596510859080e-01 4.418121418380346888e-01
9.963399779776964671e-01 1.173011782815971682e-01
4.106822190814919393e-01 1.509303690440922940e-01
-6.963605519259468135e-01 5.471961157998298519e-01
-4.188411438919245611e-02 -9.516449373296563818e-01
2.190345674438460011e-01 -4.879583030158045065e-01
4.236916166591672694e-01 4.107510605148678717e-02
-6.453820819146323384e-02 -4.822879853116397442e-01
8.535122577363397633e-01 -4.236293020747364246e-01
-2.337348490334527629e-01 -3.273543984543100249e-01
4.280595794807883769e-01 -2.013205053573371983e-01
7.970547997199394219e-01 6.100972387344423264e-01
-1.188683815220723305e+00 -1.159970284193190676e-01
-1.945804457008812605e-01 5.083957627437667437e-01
4.601360840204304359e-01 3.150226697646134610e-01
-9.245062492720261538e-02 9.854269889833300322e-01
-6.561161483520818738e-01 7.496620168169734200e-01
-3.822514523675559217e-01 2.850575900871052393e-01
2.508743358691083447e-01 -1.018576442137829385e+00
-2.769589791431929515e-01 -9.506717714473151837e-01
-3.833072680518546105e-01 3.779695873529625438e-01
-2.303790651195068706e-01 3.908016308874368017e-01
8.764398192053257652e-01 -4.187943637682862291e-02
9.405198648509442982e-01 4.074560009959575790e-01
-2.802095803930951812e-01 -1.053327290976932673e+00
1.671063410833249774e-01 -4.740822468795183320e-01
7.520100769890805115e-01 6.329865106638616901e-01
-3.585747823009501761e-02 5.593572135135520540e-01
7.226926578819413693e-01 -7.164201570846051581e-01
3.428954148256420642e-01 -4.144343757530086214e-01
-6.809706267199636121e-04 1.011388011172670520e+00
-8.360553425627285096e-01 -4.218521454691026573e-01
1.333784802582338169e-01 4.504022729849058160e-01
-3.661345442138835282e-01 -1.632530253755280769e-01
-2.958597501651235029e-01 -1.022474484513115289e+00
4.839634405805495754e-01 -1.712520252368778251e-01
-7.472239997044076709e-01 -5.827211554482599754e-01
3.655669167680503651e-01 2.853741810260888023e-01
-9.553701313678464313e-01 -3.086033658249577316e-01
-4.895577418786579704e-01 -2.603902418309367861e-01
-3.879792656583151422e-01 -9.206455554149063358e-01
1.645304549109455061e-01 -4.782014016250813460e-01
9.622369274584184895e-01 -2.135400544999186412e-01
-4.198761177282621104e-01 -3.253206058731227257e-01
4.081759525288951029e-01 3.343658513287645628e-01
-5.513456001521788163e-01 -9.470378702526229819e-01
8.091553425394504284e-01 -5.226347303813326794e-01
7.509911540063801683e-01 6.620602017902819103e-01
1.624549883811854945e-01 -3.817355922491553200e-01
-1.713672281835872113e-02 -1.005164849085151468e+00
-8.828780235558244399e-03 5.594755396002145664e-01
-9.676655739869360895e-01 1.487510129796315583e-01
-6.417052463144696794e-01 6.346059314205062529e-01
-5.366914443752256458e-01 -1.938971603643738217e-01
-1.821597663387699295e-01 5.112171882834180003e-01
8.514729336032572649e-01 5.326092206480399494e-01
3.438057688453344252e-01 -8.946633252831610594e-01
-3.876679766805467553e-01 2.506716269470099512e-01
3.968489839108805817e-01 -3.123507797737452019e-01
-5.083993446101546798e-01 -1.176412506580040984e-01
-9.433616057292495416e-01 1.433768160914944412e-01
3.313708633123086944e-01 -3.850819821629027362e-01
-1.033904293827633492e+00 -1.273211085278961874e-01
-3.608520243194366373e-01 -4.431782532067409242e-01
-4.725825026369083748e-01 -7.537859094288705819e-01
-1.930383187208742357e-01 1.041230289293650912e+00
2.947399703245974223e-01 3.116582559509478711e-01
8.211485000877990492e-01 5.509472566829245466e-01
-9.624286011711792321e-01 -3.536697208083267041e-01
-4.863339598032634381e-01 6.751993761126742766e-02
-9.468704367936745525e-01 3.631610868261959113e-01
3.421228003925013139e-01 -2.899754208855239157e-01
3.169048782557326027e-01 -1.036742977110946207e+00
4.390652203651067009e-01 -1.024247297109441568e-02
1.457439323429171596e-01 4.919078195452560309e-01
9.607621218805157959e-01 -4.277864773131290210e-01
-1.034005456726966754e+00 -8.933428071992595421e-02
4.726690024666990175e-01 -8.678280839532173663e-02
1.416848165151143868e-02 -5.893946454192995343e-01
7.921773045101160315e-01 -4.461099543386964905e-01
9.453729151485428250e-01 -2.847633414582812494e-01
-9.128720966004071347e-01 -5.663601362045543874e-01
-7.512625968027557277e-02 9.964317764008449041e-01
1.068881634516969867e-02 -5.409075508637728458e-01
-3.542015748010656773e-01 9.058794190787790024e-01
2.124783236992907609e-01 -3.903855629294746832e-01
-1.113514261325305066e+00 3.155386867838825410e-02
-4.555694264379640535e-01 1.694262249628015193e-01
-9.164534041447108814e-01 -4.725339235570326646e-01
7.811521307006648041e-01 6.289722233554418951e-01
2.929276082098983269e-01 -3.888422441622877979e-01
-1.192194267747878067e-01 -5.016466050447234704e-01
-4.712845735799117142e-01 -1.879091198628358717e-01
7.527296976103726722e-01 -4.868941239159247369e-01
4.779627663377178370e-01 5.641650879890024867e-02
4.420321246098045109e-01 2.628805603048157691e-01
-6.667283335916360798e-01 5.766949264524330321e-01
9.726001886485424741e-01 -2.562638888327080644e-01
-9.224955863090306130e-01 4.450766060032799176e-01
2.485027255923666356e-01 9.589356150781883636e-01
1.382493168304996800e-01 4.357147203343875175e-01
-6.716204151532544353e-01 -6.251132988577958738e-01
-2.969704246578744322e-01 9.248368342351250826e-01
-7.476801306516359102e-02 -4.799105448310667099e-01
4.900527244151499096e-01 -5.500557986475049926e-02
-4.599822199393245326e-01 2.958786988395927658e-02
-9.044521747840409409e-01 4.661178028544176732e-01
5.191164264372436499e-01 2.533947163111960887e-01
-2.271506599432302487e-01 4.593532854714651448e-01
4.835846937720449934e-01 -2.363627870975635870e-01
-4.480571561910067224e-01 2.597662314565450936e-01
-8.224007094651807348e-01 4.896848617322043795e-01
-2.421536787482274633e-01 1.005770863429933160e+00
-9.298117064737979054e-02 -4.637346384713127989e-01
7.062948006221472230e-01 -7.331635065957988751e-01
4.464620635092180212e-01 9.672480275777414205e-01
2.081401808161068845e-01 -3.832839316574811472e-01
2.501104738942744876e-01 -4.545203645740067966e-01
-5.240338929919982069e-01 -5.895327220809972596e-02
4.628661441565454782e-01 8.172127773289202812e-01
-9.016130984346496513e-01 3.682037654956900607e-01
4.142836449061559345e-01 2.817168358070872292e-01
-2.040187164270704789e-01 5.832473403040520088e-01
6.176404876364536278e-01 7.817974680463409820e-01
-1.499776730061561092e-02 4.078260963193195421e-01
-5.564943510872685239e-01 -1.829542369119230016e-01
-9.073138522542415485e-01 -3.000609086236984413e-01
1.707476164750118264e-01 -5.110935099882798482e-01
3.729135860462206020e-01 2.899492738461238450e-01
9.456300483554005432e-01 4.092537131776785575e-01
7.254490042492780510e-01 -6.731978625096542990e-01
-9.731284132543239762e-01 2.764555392620425545e-02
-9.013024031929502966e-01 -6.511677061959408874e-01
7.935967241054889820e-01 -6.155555655081302868e-01
-5.526648862630212378e-01 -1.068218669749307348e-01
7.232282112253397566e-01 7.729998637943175099e-01
1.852245559977447886e-01 4.766430341982776375e-01
-3.994283877214294676e-01 3.626815362718873170e-01
3.903573229861100335e-01 -2.531530327951780901e-01
9.641073924360693548e-01 2.854261778606180244e-01
-5.460245412882506200e-01 1.079864042278247810e-01
9.259105278935069183e-01 -3.401149326823320607e-01
2.480643850920237758e-01 3.732949486735585021e-01
-4.686999487894120131e-01 -2.113937560313424169e-01
-3.688363506283188209e-01 -3.521652096265007748e-01
-6.973398881317847131e-01 -6.945332847466700876e-01
-4.048216611891942290e-02 -4.404626791365592320e-01
3.909938283599289077e-01 8.456933566079398723e-01
7.916470181326951128e-01 -4.924427646466515984e-01
-9.391130107956066064e-01 -3.340243035854660314e-01
5.214400727984810358e-01 -1.145403100333046431e-01
-7.885974971538947109e-01 -5.750716724411446545e-01
4.575003832687550287e-01 5.166042447025610135e-02
4.538383247946234378e-01 -1.879820564689725915e-01
1.013515570529767151e+00 7.801768362450410554e-02
4.722579953110838114e-01 -2.821782678760283436e-01
-9.669168604121464172e-01 1.898251024823036370e-01
-1.448972222548254307e-01 -1.021748092100434269e+00
-9.593974523493462581e-01 1.650126114782234921e-01
3.437723459709440266e-01 -2.935082081754887273e-01
-1.822688388727613795e-01 -5.170816829937437964e-01
2.134202264094878232e-01 -4.709790967563709518e-01
-9.575747823376536960e-01 4.557675228243377452e-01
5.801771170196280691e-02 9.464468661386220560e-01
5.913605576920168486e-03 -1.066494821770636925e+00
-4.643264934617019057e-01 1.602801346669035787e-01
-2.956966182440416008e-02 1.051851752852305921e+00
4.185387998264234466e-01 -3.853805985267410583e-01
-8.843487555027010893e-01 -3.180174950659652722e-01
8.656929274833502497e-02 9.884356348909288936e-01
-5.857268762279645991e-01 -8.291156793622587173e-01
4.643959774511752792e-01 -8.734748183029356072e-01
-5.584912062450975156e-01 -1.250623021693237913e-01
5.333467045453370581e-01 2.809675573808153026e-01
3.770877056152739382e-01 -2.022442291283715332e-01
-4.925105811808490053e-01 -8.046435441293838808e-01
-9.669167333060512126e-01 -1.527674315531237781e-01
-8.076903999976827730e-01 -5.482807101904224600e-01
-6.074444518052788400e-01 8.684777869273653250e-01
9.111443826311221850e-01 4.197439692142024836e-01
-3.598728968767817005e-01 -2.687698988468891215e-01
8.195403203241636847e-01 -5.936586435171523624e-01
5.895724770387251734e-01 8.771798279924761799e-01
-1.970385992716989221e-01 -5.197472372758711323e-01
-7.633955318931032741e-01 -7.481307614118206661e-01
-9.683546445458454111e-01 1.787124928887414421e-01
5.027352644948240856e-01 -1.458840984549197861e-01
1.900857345867209836e-01 -4.168425176686152422e-01
-2.699784040355032166e-01 -4.321270783195035881e-01
3.126165259458787427e-01 -9.255776542499178916e-01
-9.851389314461482805e-01 -1.825583924291058757e-01
-5.678417166859602849e-01 1.682653247414382658e-01
1.562064353672675820e-01 9.980397354010299704e-01
-2.971827141050485399e-01 4.305497083951669857e-01
-9.137939487985816678e-01 -4.072707065007658556e-01
8.201013321317007776e-05 4.993755898578076668e-01
-9.194253406308200427e-01 -4.360282447538691986e-01
-3.343753333473880596e-01 9.667576768058101511e-01
7.849917798538403879e-01 -5.210801386429270154e-01
4.875854697853976849e-01 -7.661314158134443497e-01
-2.268997845801533075e-01 3.180208678742045270e-01
4.178118796198127538e-01 -2.893557271968513200e-01
-4.455086599054491336e-01 3.908011017566430101e-01
6.450316627847179074e-01 8.607811354058104714e-01
5.872717380514476115e-01 -6.626066779026523745e-03
5.928783200239522433e-01 8.255499015522426154e-01
2.175092372061617485e-01 -4.779387716616241844e-01
2.386285961959402346e-01 9.101792035694784566e-01
-4.405128826164308453e-01 3.309220466518804082e-01
-3.520782508787692611e-01 3.212089956546495539e-01
-4.616815249442237645e-01 -1.114653953765920164e-01
-7.543623115410523494e-02 -4.700876043050671305e-01
3.574788218944937590e-01 2.802914202607045824e-01
-2.575536893964913698e-01 8.934158936097427173e-01
3.613049745218869235e-01 3.312646451158680061e-01
-6.375586650176731096e-01 8.401371789484739505e-01
9.947266877139725461e-01 2.020094336822448322e-01
-2.748457675760264118e-01 4.372718465400942667e-01
-4.224121540352869797e-01 -3.023060963417512625e-01
-7.931151532908419233e-01 6.996928162703985876e-01
2.400857263655739038e-01 -1.011294481142399393e+00
-6.064883070334989301e-02 -4.249446982861654898e-01
-5.136348027127420890e-01 -1.155457859727040820e-01
4.994050837781131014e-01 -1.220115072024435532e-01
-1.001772964528337306e+00 -1.756902247886899249e-01
-5.087247298360825232e-01 -1.114722573188850763e-01
-9.880359530685028924e-01 1.379125557247147804e-01
1.000902994441290161e+00 2.237576585431067522e-01
-4.419196436499275293e-01 -2.491327934635975683e-01
5.154831805486538299e-01 -1.446019568695896262e-01
1.449469263182935619e-01 -4.720363082945523425e-01
-2.936580560893909397e-01 -3.257733056946317540e-01
7.988178883437626610e-01 6.578141652622395696e-01
-9.988725172405167330e-01 -7.765887535415146037e-02
5.259493827110679476e-01 9.015021830935249225e-01
3.910005486622213922e-01 2.060836034587237575e-01
-2.206258491361823282e-02 4.868314361403496826e-01
3.033180769602997762e-01 3.766407565563796855e-01
-7.004939058020744902e-01 -7.339905575611130883e-01
9.656776297714488866e-01 2.828639372264977192e-01
-8.165069938098483693e-01 4.911273704437189025e-01
-4.465980562253006880e-01 -2.161702435147726253e-01
4.040473152007845181e-01 1.159798348255958456e-01
-4.761136405952735573e-01 -1.963351069123301929e-01
-1.752577315660167612e-01 4.244015025323754076e-01
1.027890296944873993e+00 -7.561373382365119133e-02
-4.502130998595438860e-01 -2.355153680923093851e-01
-4.711659531091465514e-01 6.103893114607297776e-02
1.030638666992607977e+00 -1.461656961088658724e-01
-5.023479163658995938e-01 -2.069374910699461334e-01
-5.102834720441299377e-01 9.812513503078645893e-01
-8.781715005661016038e-01 -3.430728122085037746e-01
5.254210612785207291e-01 7.790721215118099341e-01
-6.714139785707587404e-02 4.502450800491314409e-01
3.815329673113309061e-01 -3.143448282444574748e-01
-4.331554881289386705e-01 -1.746962804141342085e-01
-4.434444593760842324e-01 8.948315278603625744e-01
1.002145595743238804e+00 -4.039818269519045990e-01
-1.350949638617273407e-01 -4.606943329003062582e-01
-4.394106933314492203e-01 1.853545476663996106e-01
7.179084847479474396e-01 -7.475824756218887313e-01
-5.206190601824851605e-01 -2.240146070156519564e-01
2.193822453000821848e-01 -9.836178783512512513e-01
-8.360700534353726621e-01 5.865720898819778428e-01
-4.477969878513495261e-01 -1.611338655268653997e-01
-1.088103389573143120e+00 -9.960760631031165269e-02
1.955164363778512729e-02 5.208829057337911461e-01
2.331981071193564847e-01 8.909912269278268404e-01
-2.458978348205846931e-01 -9.327908389941248490e-01
8.844434150619268076e-01 4.346184480565069563e-01
7.706165079783012795e-01 -6.090073388897638829e-01
-4.399354975663956058e-01 3.260680877531717536e-01
-1.594621108151382249e-01 -4.982867682996848790e-01
5.012601365000611819e-01 -1.453052936015180596e-01
1.584949641386635966e-01 5.487670131787205641e-01
9.695869494840250180e-01 -1.403760181554306596e-01
-1.012444414479689359e+00 -2.455620437389154365e-01
-1.682675870852117228e-01 4.298831639012195560e-01
-3.145538200543285812e-01 3.888128506158803344e-01
3.537515196522855176e-01 -2.951106323419561694e-01
-5.106413615740671430e-01 1.352797071384942151e-01
-1.079451239586075140e+00 9.031976930628649036e-02
4.488175747067536525e-01 8.866103047193034659e-01
8.548510614652702344e-01 -4.037059261615447703e-01
-4.721838346272808074e-01 2.815835653104797887e-01
-3.722631392293606067e-01 8.669160122760138920e-01
2.380993165058786221e-01 4.607156394540854460e-01
5.347289410991377112e-01 2.666322571973363253e-02
-2.782167394953040038e-02 4.030079081582957357e-01
3.630517166362805248e-03 -1.097281180773178821e+00
5.840621236074736711e-01 7.457351079259153526e-01
3.026725613628455380e-01 -3.743236725643067642e-01
-1.080844935824201380e+00 -2.867651243692514451e-01
4.903743853267052977e-01 -2.719175294890617822e-01
4.629039118911330575e-01 -1.993232590080895039e-01
-4.423968185071365244e-01 -5.907458415665539642e-02
4.448533383483865844e-01 -1.679654187154820122e-01
4.773522433815459154e-01 2.618571648683920006e-01
-2.174151097743614591e-01 -9.682097782779129913e-01
2.915029766873304395e-01 -4.276503884013667101e-01
1.764542033865164339e-01 4.803489303618975192e-01
4.034472914698913892e-01 -2.906081294767681178e-01
8.743911960257222393e-01 4.575245536514282452e-01
-5.711884614391934401e-01 -8.411697504571439277e-01
9.093700541777338664e-01 4.948315986551543588e-01
-9.355917226205172632e-01 4.446175144428261006e-01
-8.581172625176705093e-01 -6.737037984925118295e-01
1.026525436333745711e+00 3.652016916133675462e-02
9.205873970059376132e-01 -5.254648024177890342e-01
-3.273850063287567225e-01 -9.041189352414092939e-01
-1.131691219815873783e-01 4.638278487850806542e-01
-3.466717713293179098e-02 5.604822786102801047e-01
3.417422671004639589e-01 3.373873567549667829e-01
2.785443518591668166e-01 3.571851637252190237e-01
-5.654042782983123017e-01 5.641662832763793406e-02
4.694055195701118399e-01 6.806476482879263157e-02
-6.232806105384648410e-01 7.234039362512867388e-01
1.625661804606284289e-01 -5.561930014843167180e-01
9.328553563925213732e-01 -1.433694024275752876e-02
-7.498419502458343322e-01 7.532017859209471089e-01
-4.483845171565794541e-01 -8.064075705502002367e-02
-2.505797390782308898e-01 9.556054472124373422e-01
-3.117992373821177887e-01 -4.206318186354894295e-01
1.015182938368448529e+00 1.106410892871127066e-01
-4.587499026758722898e-01 -2.586228529754288491e-02
-5.807082723550461845e-01 8.525538066152998917e-01
-5.165846650580810939e-01 1.172292112489671662e-01
3.096315225216803024e-01 4.197398548334118629e-01
-1.049021633625459193e+00 -4.425851915056099872e-01
3.066624813555928197e-01 -3.564016460483696580e-01
9.603161758435327378e-02 9.053745491111890864e-01
-2.230550932617807458e-01 -4.340311533108754949e-01
8.852555010305784844e-02 1.027628955291265189e+00
2.297913268709063928e-01 -4.118747814539788221e-01
2.705144061858246740e-01 -3.457687932183641788e-01
-3.337594859161414629e-01 2.094665821902956526e-01
2.737772963590129893e-01 4.023037400310115475e-01
5.981497794622645525e-01 8.296392388872075863e-01
-1.986779134862048657e-01 4.401538403445278691e-01
4.514843503988588136e-01 9.004707473781198290e-01
6.712113225546653128e-01 7.563320697876918519e-01
5.567897473279377341e-01 8.871440886121305658e-01
4.979928505676371742e-02 -5.115284614170688693e-01
-7.163294698579869557e-01 -7.429244792042805079e-01
7.782893494291902581e-01 -6.307473482362121464e-01
1.425397940768617366e-01 3.825945355092739697e-01
4.149002139191820260e-01 9.505179373396041576e-02
7.914752648486332864e-01 6.643490995137091293e-01
-9.898976344376178016e-01 2.858289175913493740e-01
-5.762396831526588326e-01 7.729331974042494835e-01
-3.423752187516875822e-01 2.727823530196742396e-01
-4.866311566756275075e-01 4.295179468788269672e-02
3.637726691847980032e-01 -1.038999801596442785e+00
1.024360354837953180e+00 1.132346158167780587e-01
5.781531426882515756e-01 -8.786522651980506193e-01
4.299615081777562464e-01 2.408151181677282981e-01
5.177975812769379793e-01 -4.672319995352423178e-02
6.882338455205865291e-01 -7.969703590818920658e-01
-3.375857930867012802e-01 -9.414338004085710532e-01
1.096791408125999401e-01 -4.426567616138328276e-01
-6.803933910164020604e-01 6.534487376718430829e-01
3.142446211963416669e-01 9.558968919230390604e-01
5.924319471328141073e-01 -4.976968795332656348e-02
-4.070331084027424273e-01 -8.284858266046764008e-01
7.678404508484274471e-01 -6.770815822800527739e-01
-3.803192515368986060e-01 8.925006945178282081e-01
-4.590064827905215861e-02 4.338062691585458097e-01
-4.792630630088240418e-01 8.619326961141462462e-01
4.525627468062461967e-01 5.914875738921765436e-02
-9.885889053003936722e-01 -2.509860944388895843e-01
3.059903347347973090e-01 -1.036374701553754551e+00
-9.269408683484577915e-01 -4.651631587652539923e-01
-4.664299443579889015e-01 2.942636170437593623e-01
4.705225775424214940e-01 1.466999874558354844e-01
9.581262523680061927e-01 2.278704850323671205e-01
4.448661708703350315e-01 2.587296801943151925e-01
-5.650989342098666768e-01 8.599681697988756923e-01
-9.622685105320802901e-01 3.152660361274728373e-01
1.115330430909624027e-01 4.053938390502987987e-01
-5.363433544710328738e-01 -5.985612918950327516e-02
5.465855416935763156e-01 -8.363914082036226771e-01
-9.771837410414829783e-01 2.575407652666371616e-01
-4.798096591718526427e-01 1.333691860703166143e-01
-1.014519181565871175e+00 -2.353977625989069344e-01
1.010887622774436334e+00 1.598512572086397132e-01
4.124508837336087197e-01 3.962035544206653492e-01
4.194303196379627341e-01 1.067054547076751458e-01
-3.715986039413938791e-01 4.155177859929935491e-01
-3.246072633073588953e-01 -1.041454052067776415e+00
5.026613233044108231e-01 3.065373969597870452e-01
4.681840706072639136e-01 -3.891746609291438230e-02
5.376644188860945084e-01 7.679490586358772575e-01
8.491138866161405119e-01 -3.407189713201720926e-01
4.079405433826679417e-01 -9.002707327739479792e-01
-8.918621296131844511e-01 3.071157066830487725e-01
1.293227224869199221e-01 5.038556793297486180e-01
-1.032002568306173151e-01 -5.378809464761564740e-01
-4.408011377347975657e-01 9.166216490004551742e-01
1.291133652390425990e-01 4.669302173337398498e-01
5.858428083823991050e-01 8.914700544801805737e-01
-2.744346093819023391e-01 1.028629884631802716e+00
-2.521024324120012539e-01 -8.827313725939159861e-01
-3.312758580365572358e-01 -3.438777687132555938e-01
3.532431124806135192e-01 -8.773167519083863164e-01
-9.424461628109321865e-01 4.079138314681110544e-01
9.788746014171741949e-01 -3.472882128792159628e-01
-1.613843726951444402e-02 -4.202145303112418961e-01
1.247486702809543629e-02 -5.383584968762192835e-01
7.082904757754462377e-01 5.474199310553893305e-01
-4.032733043127471051e-01 8.219164775610646179e-02
-9.253731482785484408e-01 2.779312867609538829e-02
1.005446109130618160e+00 4.199853391852143014e-02
3.101941250304462994e-01 -4.631575623997949975e-01
-2.513205526020289571e-01 3.969871749991565890e-01
-6.159126914081363147e-01 7.708705663637140937e-01
5.544050776814112291e-01 -6.718048638117597449e-01
-7.935973891807602820e-01 -6.837163483886555815e-01
-8.728183356855363784e-02 5.199033049578618559e-01
9.767958859736397548e-01 2.544012132447606017e-02
-8.502949640121815200e-01 1.211881290069969086e-01
-1.860726060891514377e-01 -4.925969698634987681e-01
-5.770391656088800225e-01 7.672663739515941383e-01
-5.231138134201416268e-01 -8.076402299039170396e-02
5.558023179517016521e-01 1.562973246810462069e-01
3.018645802601119255e-01 -5.121576799733760232e-01
-2.642220179169619820e-01 -4.482900427040107383e-01
1.694314057704845999e-01 4.921711243747218245e-01
7.960515097678901864e-01 7.048129941816579924e-01
-9.521398478634983675e-01 -2.949489456689823319e-01
-7.618263919846491872e-01 6.638477322813332027e-01
-4.549450057277059090e-01 1.059932307624405490e-01
-1.543999255909553892e-01 5.235446444471547611e-01
1.997123109993065859e-01 -1.014152903338843892e+00
-7.043204683217860751e-01 -6.435648329539711554e-01
4.865113051595253979e-01 1.581970674533993426e-01
-7.752781637058193676e-01 8.379730498627682156e-01
5.089787826713855212e-01 2.271796521721629603e-01
3.404178004458573992e-01 3.415316368085010712e-01
-9.573597376907374557e-01 3.868917365882535986e-01
4.112060803013600219e-01 1.764302220764326912e-01
8.841312999455014365e-01 2.467571952963650561e-01
-4.198854391876508108e-01 -3.527940675194913833e-01
-9.147738051994984687e-01 3.940175801112210663e-01
2.601691470625569491e-01 -3.924069135117863039e-01
2.655434354235319261e-01 5.229331264568374271e-01
4.403053001191495897e-01 -1.450140945299793205e-01
4.675250358192254985e-01 -2.064033244649043919e-01
3.345448773468274184e-01 9.333226731097642448e-01
7.985550910890468201e-02 1.002611166182513669e+00
1.041633956707919584e+00 -1.274755148027651441e-01
3.957180648689808677e-01 7.584166301356613099e-03
-3.990611908211487702e-01 -3.080081761365342508e-01
-1.054628822529817045e+00 -2.104662235843271778e-01
-1.034118438233818105e-01 4.447437271012101290e-01
-6.610514484748708508e-01 -7.226225103080206047e-01
-9.081041397532507720e-01 2.156240866331002315e-01
9.412751679529930415e-01 1.083264503708992188e-01
4.511940093305516486e-01 -7.649073290344322873e-02
-2.151917996827795165e-01 -9.889514816114706175e-01
-3.605293535888018375e-01 3.418764957822187922e-01
3.427772488842479870e-01 -4.613979994136770957e-01
9.167087846506387638e-01 4.602946178466433280e-01
7.678248438458137315e-01 6.721539582605337015e-01
-2.343564645051585127e-02 -1.009035824374586499e+00
5.883708860793388506e-01 -8.020866183800245963e-01
3.210872159467557663e-01 -3.688490939585293282e-01
-7.414974424231101091e-01 -6.584861503701242569e-01
5.924326848970440373e-01 8.425313072137811110e-01
5.094973170989098854e-01 2.040395128671589758e-02
7.370474020398474213e-01 5.187528193118678965e-01
4.909605202278899960e-01 -7.483873819606137734e-02
2.661548149618261916e-01 8.858688450907891143e-01
6.997203117484218637e-01 5.770871926868001989e-01
1.478145311221187586e-01 1.053553819653280321e+00
-9.599343347035226015e-02 5.031750117117204102e-01
-3.490406866445642797e-01 -9.363688044439641978e-01
9.853484869593878148e-01 3.640668057158585325e-01
-7.056255793730006332e-01 7.616262315798035809e-01
-5.179130084281391433e-01 1.608496794947587571e-01
-1.257305825548373501e-01 -1.008398861960961401e+00
5.155539281361704723e-02 -5.366356723498888481e-01
1.749434712613975873e-01 -9.877065925383219369e-01
-7.063898643976602720e-01 -5.144615280935747048e-01
-3.575762445854138161e-01 -3.273153410999210533e-01
-4.452820910998479542e-01 -2.462278628294905514e-01
7.026061910297785040e-01 7.036488773695676047e-01
-4.802922488082429081e-02 9.971904315199873192e-01
3.204284040333469918e-01 2.993305856922212627e-01
1.542612490076492038e-01 5.600272393963980910e-01
8.569798764112140921e-01 -4.500680054873157365e-01
-8.434601820482083567e-02 -4.007630903248579068e-01
-9.439419560618911298e-01 1.028802561542585536e-01
-9.674881985711361043e-01 -3.686946412218685132e-01
-1.500214117691373583e-01 -1.002053605478880893e+00
4.055458137405032470e-02 5.494197671849160303e-01
7.336170603066772822e-01 -5.906315142613519642e-01
9.828594655445492545e-02 4.967899551110614986e-01
1.004473136870870809e+00 2.396192797744496894e-01
-3.623509885324922575e-01 3.279004407750292227e-01
2.441089874701312945e-01 -4.375106626491158113e-01
-7.096264812083500351e-01 7.659204245995391291e-01
2.878573265260007674e-01 -3.412924274284738768e-01
4.854061647786211270e-02 -4.150738336763596936e-01
-3.792428453347183592e-01 -2.730147328449670785e-01
-2.229432486693458393e-02 -9.735176994742119616e-01
5.048087403581541510e-02 9.782138705026245384e-01
1.379391192725014093e-01 -1.043920030282584843e+00
-5.721758193902646283e-01 8.990807278138778225e-01
1.006433277592543751e+00 2.080021578626263523e-01
-5.888259828629650861e-02 4.539352905592162757e-01
-9.160147385599571868e-01 5.237143832451081060e-01
-5.087521578643068310e-01 2.860680370446739423e-02
4.860607202464329313e-01 1.254818166290419257e-01
-4.660143940151433295e-01 -3.494244226111624108e-01
-2.456926287949563192e-01 -4.025158599292303907e-01
5.040054097134166744e-01 -9.044705391059421062e-02
9.111512174588728419e-01 3.454357946742406260e-01
-2.507305421679137947e-01 3.724923131684242383e-01
-5.338875595878445068e-01 8.404184583900551342e-01
-9.051364307596841963e-01 4.490098423234883951e-01
5.468900801378538956e-01 -8.193069965525595633e-01
-9.993667429664051527e-01 1.078417755860881788e-02
-4.614594893500825745e-02 1.029456441967025349e+00
6.425273539563931546e-01 -8.723829417840565092e-01
-2.489876137245233267e-01 4.583579979269974403e-01
3.701912847201417334e-01 -1.395521661711698891e-01
4.144803805639389882e-01 8.039251439975267921e-01
-1.020225866258197112e+00 -1.600229182496373803e-03
3.548665076982721045e-01 3.937655656921173475e-01
2.713932220587908506e-01 -9.641851307609686783e-01
8.007715963848186513e-01 5.793843955533628520e-01
-1.454328774028495475e-01 -4.271837916519026224e-01
-8.916388072347071481e-02 1.013047887419701976e+00
5.079873057102851641e-01 -7.539022850635010431e-02
-7.302484194039446930e-01 -7.310037424841322462e-01
9.014713919329846448e-01 -5.476513489631886777e-01
4.111820436914569443e-01 -2.604254145933246334e-01
4.812394640989109407e-01 -7.666605601565447403e-02
-4.137272811202194478e-01 6.225329644926768519e-02
-6.119044630235498383e-02 -5.384743080575481455e-01
-5.104959436761274949e-01 -1.174685329394878214e-01
6.611582587592725879e-01 8.040693775144804878e-01
-1.143122331554252552e-01 -4.883442219973023746e-01
-8.339775487580831648e-01 -8.207447550505013734e-01
-3.205487209886237476e-01 -2.962870435313963435e-01
2.533098100620824189e-01 -3.994860143009147380e-01
-2.146384789774524182e-01 5.646584119188651218e-01
1.581021607842523491e-01 1.010020845417540780e+00
-5.567299648897662268e-01 9.476061766479609849e-02
-4.829762021806021655e-01 2.026410869376490675e-01
1.167340709721046976e-01 4.647203065274992939e-01
4.477418789890490469e-01 -6.937216574846451211e-02
3.265963096983739433e-01 3.196833444115930178e-01
9.413649647658356434e-01 -3.902963167986044368e-01
-3.110054349058409273e-01 3.533959805532412290e-01
5.216509831960898236e-01 1.263710007832203330e-01
-1.051472714528198349e+00 3.082542428371566889e-01
-8.343063046230697610e-01 -6.245339700573924180e-01
1.407960562802390014e-01 -5.058911516969748501e-01
9.265360040346691806e-01 5.049548640725557425e-01
1.016586262101790039e+00 -2.121915755309069229e-01
-7.630436385729091331e-01 -6.248965669020658531e-01
2.211258557106408340e-01 -4.065221421444110139e-01
6.672089008028715684e-02 5.262442492730332599e-01
-2.879966037814456481e-01 4.162249253990542019e-01
-7.924933359815014011e-01 -5.783365089362482170e-01
5.373580387771156319e-01 1.130113280772735568e-01
2.607515637728712310e-01 4.602299500737486726e-01
-1.010548435475534967e+00 2.043804003922477519e-01
-9.047382095834968219e-01 2.984666046706936915e-01
1.446146797197231382e-01 5.076875713614616981e-01
-4.758661263841141853e-01 -2.538619570445354023e-01
4.345871951627712781e-01 6.789972323980056346e-02
-4.955223809742305141e-01 -7.595737587106085598e-02
-2.137829538785965267e-01 4.203858381427685309e-01
9.586761079221411963e-01 -4.322725734908808848e-01
2.941088532095513797e-01 3.586174069060789060e-01
-4.755701947453100376e-01 -1.630559010044839996e-01
3.549801638694124323e-02 -4.959467915120789328e-01
-1.897990607163532184e-01 4.158315516284165625e-01
-3.475812999883836074e-01 -3.767725882324519104e-01
4.704364794697966645e-01 -1.421673346449188746e-01
4.319967484492614473e-01 2.677945123530567351e-01
-8.610075677551731754e-01 -5.160595544052828387e-01
-3.349987599021753137e-01 2.838553733072031182e-01
1.016765821938151904e+00 -6.248663364399667519e-02
4.877461962043855848e-01 -8.310619575238311629e-01
-6.537083594872254988e-01 -8.109650086583374273e-01
-3.442110744191258509e-01 9.942706674653500887e-01
6.838729467125516104e-01 6.698909321822100749e-01
-4.218673984622310358e-01 -6.346938328946957752e-02
-6.875393713953376063e-01 7.574054815272296404e-01
3.127250508602955059e-01 3.559136784950430732e-01
-2.358917639114387413e-02 -1.089805816286717466e+00
-1.048494813231668488e+00 1.504662070431259657e-01
4.139969592978404861e-02 4.896080138090045941e-01
-7.157881163262919122e-01 -7.486617115008920020e-01
6.220412337045558848e-01 -8.303395417752714724e-01
2.973058896227171455e-01 -9.306268598109941337e-01
3.665919957583964051e-01 -2.794777946392414392e-01
-2.741711444599254643e-01 -4.385015233309190186e-01
2.885696844737535849e-01 4.739213583378525385e-01
2.393204420857893422e-01 9.277459790821784846e-01
-6.178087905485726283e-01 -7.422148941224140373e-01
5.896142619460202905e-01 -1.355507022135300776e-01
1.010119358163187320e+00 -2.921075901244601369e-01
-5.434636396738150577e-01 1.066174076902166451e-01
-2.719091543850817305e-01 4.690575994364720724e-01
6.559401956287956581e-02 1.121363369985604264e+00
-5.195366253114891419e-02 5.149182602544510878e-01
-4.363517005562799755e-01 -3.427394906543177466e-01
-8.385932300712993781e-01 5.391832716162462402e-01
4.778624807024655086e-01 -3.534521349440228333e-01
6.869623800100157496e-01 -7.569860413837060653e-01
9.586757776495736794e-01 -2.021902244210030952e-01
8.592705222433888457e-01 3.430957110715764369e-01
-9.680287050445253172e-01 -1.501845726194731001e-01
9.827409466591335852e-02 4.738149100476085618e-01
-1.680852862572855266e-01 1.093440695860106615e+00
-2.841792538947289226e-01 -3.955503724904849139e-01
5.213319148834192340e-01 -8.656975097527610519e-01
7.821879739600646753e-01 5.645305780091407488e-01
-1.012790461245116180e+00 1.241145301239174742e-01
1.011896573216827799e-01 -1.021237300404318038e+00
-9.080869694709831075e-01 -5.515483769220133059e-01
1.013110498087313571e+00 1.209660614427134628e-01
-2.541073124880033340e-01 -5.078248039835242533e-01
9.866086291135441888e-01 5.439607043945611509e-02
-1.200227268775392042e-01 -9.739754623171240633e-01
-4.340143299611317618e-01 -1.752855456345515928e-02
-4.974531492344685946e-01 1.859306055627895637e-01
4.738989667758183866e-01 2.703432259239666943e-02
-8.148020419994372876e-02 3.954866385500061532e-01
-7.569438979314663252e-01 5.696902029118402488e-01
-4.592716860458812000e-01 4.711701364708206774e-02
-1.023671736943931876e+00 6.159526491451280950e-02
4.988547638931254968e-01 8.965359986406130632e-01
-2.399767538728881655e-01 -9.624448453486841304e-01
1.035853000386797396e+00 -1.000980189670682419e-01
1.165263378938811434e-01 4.523250352146535591e-01
9.699784759483719432e-01 -3.388843953975959750e-02
-8.632837938549248191e-01 6.127596441788818460e-01
-7.260568320624337657e-01 -6.633973617851274263e-01
3.156940214735782790e-01 4.746261981199069169e-01
-9.663031224913590234e-02 -4.585137645172153720e-01
-4.714644601534548896e-01 1.632119309595247425e-01
3.050320417282603724e-01 -3.951751764246883014e-01
9.094219347585312807e-01 8.239381919555109623e-02
4.598151581184170555e-01 1.940437511598626930e-01
1.454716911680625779e-01 -4.800941004315490424e-01
3.875254917652624087e-01 9.236773473087191988e-01
-8.366070156760191390e-01 4.847093813178096067e-01
-4.605441944221801975e-01 -8.677493747106908017e-01
8.500214231292247957e-01 4.289332342281428900e-01
5.598990168620426866e-01 4.763569585936862361e-02
-3.948598474753562404e-01 -9.490756159572270034e-01
-6.282370016861729134e-01 -6.991241022106584602e-01
4.409081890308115814e-01 1.670166199580194188e-01
-2.239912176075372630e-01 -4.368435228818849936e-01
-5.381402903681564709e-01 -1.806791763070118295e-01
9.167151488352285327e-01 5.375934209235373046e-02
8.858348515687447522e-01 3.806759867353569637e-01
-4.889910032655338246e-02 5.579625166412107706e-01
2.710994999196076338e-01 9.279245967501407177e-01
-3.925101710929668197e-01 3.598180299991707853e-01
-1.591232974972663083e-02 5.109010574514122327e-01
3.358719644033692497e-01 -1.009754975737997551e+00
-7.235275745387130808e-01 7.148178942011507164e-01
2.620732974701409645e-01 -5.511767741836224310e-01
1.204629860164813382e-01 -8.642301077963847611e-01
-1.412623136353408082e-01 -5.731318575890930189e-01
3.662032213512476098e-01 -3.291583298925774281e-01
9.534679653531039634e-01 -4.331839304092837128e-01
9.553898220197826197e-01 -3.421735802542240634e-01
2.629148974818500406e-01 4.354812919723369813e-01
1.397478169142549742e-01 4.128741980297182534e-01
-9.010639820809756007e-01 1.989471075719605464e-01
9.996179035816060710e-02 -5.732834755770077617e-01
4.110254631291255234e-01 1.509748107387008931e-01
5.516718241433765657e-01 -8.639864680529227847e-01
3.516043966636100970e-01 -3.337287490493160980e-01
-8.760000252124987563e-01 -2.443337427774866233e-01
1.687148857162656945e-01 8.831969480164966191e-01
9.960277268594298627e-01 -1.823697601409306479e-01
9.140136625588689556e-01 -5.691479774418344295e-01
-7.993132935090948576e-01 5.953949769001083414e-01
-2.308623870808477752e-01 3.485129374148548953e-01
6.671484209666767029e-01 -7.668802580940980995e-01
-5.723427733294893516e-01 -8.118084403746308464e-01
-1.739066783639779123e-01 4.933533619530120484e-01
-9.899320802046572831e-01 -1.080667802650167458e-01
-6.710110796770308861e-01 -7.925734451610582099e-01
-1.023890474262274308e+00 -1.765230176785118621e-01
-4.303663791756680568e-01 -3.177385716473586641e-03
1.493588643020859474e-01 4.231330969589535695e-01
-9.940354850603030368e-01 -1.840444720771256260e-01
-3.879505236525644940e-01 9.603972582110082978e-01
-3.489173618403059174e-01 3.267967201934441901e-01
2.165220827344271903e-04 1.035173018156374081e+00
-3.598646206511820766e-01 -8.187932065055775199e-02
-2.418463422844485677e-01 -4.240775024003071714e-01
2.085440701443466438e-01 4.574012922380549240e-01
-6.799991897142865227e-01 -6.974812477520804244e-01
-4.323671541549269914e-01 2.753788683361357847e-01
8.110773998871120272e-01 -4.555120791608662234e-01
3.112216400132629124e-01 3.932025160872968383e-01
-6.097248784385830289e-01 -9.059517455718243406e-01
8.005516950137109289e-01 -7.058553260515746386e-01
-3.955432782797662083e-01 -3.288188656356982181e-02
4.747260971116877837e-01 -1.507838313023744381e-01
-7.233782239288658600e-01 6.638984174637221347e-01
2.167232877568560923e-01 9.472478222883675691e-01
-1.836642931279477975e-02 1.014891936167005460e+00
4.582090223058248313e-01 1.332966391807770545e-01
-9.234366207830302375e-01 -2.490152334575700399e-01
4.549662562937181187e-01 -1.119207814764177356e-01
1.919744073173356158e-01 9.659493500372727803e-01
4.402699278216444245e-01 1.033152871004131834e-01
-7.062138097009522664e-01 -7.092671142556803421e-01
1.619207716575549738e-01 -9.365487063756806618e-01
-1.002687447695236989e+00 9.610902563447806801e-02
2.726811267667523242e-01 4.336945346730423645e-01
7.580708227527668264e-01 6.740892290780070573e-01
-1.068998482518870974e+00 -1.383012911673627693e-02
-9.789081449928510592e-01 5.544044407513330774e-02
7.387786855157738031e-02 -4.296532833957455999e-01
3.272253381064916811e-01 4.402063052163481816e-01
-9.330368787694240940e-01 -1.323254268730635896e-01
3.998334958341803191e-01 -9.302184577904201168e-01
-4.708277911199607590e-01 6.321862076990725221e-02
-4.487008581131067819e-01 -1.734076282376491585e-01
-4.222910538308404793e-01 -8.170636327690544709e-02
-8.431269098521081140e-02 4.547270412633622749e-01
-5.556335565466375970e-01 1.780159807649707160e-01
4.944716743152292038e-01 8.410773214309130719e-02
9.174020358608288017e-01 -2.282568237986760395e-01
9.471028374458817511e-01 -2.479414775693453421e-01
3.940892546025553389e-01 -2.531132202941691611e-01
-3.058488598344553666e-01 -3.530250918920576630e-01
-8.866859704651036678e-01 2.850064580196680630e-01
-1.257286978131377797e-01 -5.183934890265418094e-01
6.334094920030823861e-01 -8.294535826723582472e-01
-9.623809998338944682e-01 -2.949518446174253031e-02
1.030740905458364054e+00 -4.340823603842364903e-02
2.595298920315460833e-01 4.769611616048209934e-01
1.289970172495287504e-02 -4.110248141630824525e-01
3.116853726790762558e-01 -4.329558516054516915e-01
8.275564477630170668e-01 -4.870284715088964989e-01
9.942143363341251691e-03 -5.316664695960178211e-01
3.931797683756176748e-02 1.029106376609815410e+00
-2.119256655446297433e-01 -4.632452568729819031e-01
-2.357020685441502117e-01 4.444663235436395188e-01
5.914347919059717018e-01 -8.412175848063490058e-01
3.478219122922839857e-01 -3.175071242141858652e-01
-5.864331660683821390e-01 -7.849579742788194148e-01
-2.308032108722516962e-01 -4.797888250806572885e-01
-3.460673970131974420e-01 -4.394320726446730996e-01
-6.410908098979302139e-01 8.639127674312727656e-01
-8.888332973223005418e-01 4.751854667894350182e-01
1.224899446889323451e-01 -5.368106757958882591e-01
-4.090249982951005836e-01 -9.438885194719606186e-01
-4.892391646896540047e-01 -1.770067502952215877e-01
-9.654141175374811312e-02 -4.732280298216468006e-01
-9.536878093475862350e-01 2.982941850729526334e-01
-4.631886768736473980e-01 -7.308491081503991349e-02
-4.432170694912544728e-02 -4.659373637675336410e-01
7.930398642884863847e-01 5.832168229179243157e-01
-6.387205652681481327e-01 -8.413379550718510513e-01
